0.0000	1.4239	1.9664	2.4383	2.7438	3.0234	3.2707	3.5408	3.7203	3.9880	4.1744	4.3678	4.4899	4.5170	4.6001	4.7312	4.7199	4.6645	4.6139	4.6699	4.7238	4.8550	5.0092	4.8896	4.8987	4.9061	4.9189	4.8897	4.8799	4.9644	4.9482	5.0062	5.1377	5.0642	5.0724	5.1035	5.2610	5.3099	5.3356	5.3176	5.3584	5.3193	5.3380	5.4281	5.2949	5.2953	5.1577	5.1356	5.0563	5.1062	5.0693	5.0071	5.0477	5.0156	5.0437	5.0108	5.0535	5.0453	5.0540	5.0440	5.0642	4.9983	4.9977	5.0472	5.0938	5.0692	5.0916	5.1268	5.0456	5.0596	5.1936	5.1848	5.2385	5.2677	5.3125	5.3566	5.3809	5.4698	5.7177	5.8401	
0.0000	0.0000	1.4249	1.9554	2.3470	2.6597	2.9324	3.2162	3.4257	3.7148	3.8865	4.0769	4.1979	4.2554	4.3319	4.4546	4.4715	4.3976	4.3598	4.4209	4.4616	4.5885	4.7209	4.5977	4.5754	4.6252	4.6384	4.6109	4.6462	4.7086	4.7186	4.7545	4.8925	4.8336	4.8440	4.8698	5.0320	5.0940	5.1516	5.1452	5.1768	5.1457	5.1474	5.2521	5.1390	5.1314	5.0415	5.0378	4.9347	4.9924	4.9464	4.8762	4.9032	4.8783	4.8988	4.8711	4.9207	4.8842	4.9031	4.8956	4.9188	4.8698	4.8735	4.8882	4.9589	4.9260	4.9747	4.9996	4.9166	4.9530	5.0749	5.0418	5.0206	5.0335	5.0952	5.1619	5.1888	5.2799	5.5368	5.6606	
0.0000	0.0000	0.0000	1.4238	1.9120	2.3383	2.7108	3.0131	3.2382	3.4749	3.6514	3.8535	3.9721	4.0463	4.1189	4.2565	4.2780	4.2218	4.1711	4.2252	4.2465	4.4080	4.5428	4.4053	4.3665	4.4065	4.4162	4.4118	4.4279	4.4740	4.5133	4.5287	4.6591	4.6125	4.6276	4.6801	4.8406	4.8997	4.9472	4.9290	4.9648	4.9496	4.9197	5.0272	4.9403	4.9319	4.8568	4.8381	4.7406	4.7840	4.7237	4.6661	4.6889	4.6689	4.6926	4.6785	4.7415	4.6867	4.6879	4.6593	4.6757	4.6056	4.6102	4.6449	4.7480	4.7052	4.7691	4.7915	4.7294	4.7759	4.9069	4.9184	4.9145	4.9233	4.9744	5.0440	5.0841	5.1164	5.3677	5.5018	
0.0000	0.0000	0.0000	0.0000	1.3970	1.9685	2.3832	2.7153	2.9722	3.2434	3.4510	3.7183	3.8855	4.0215	4.0906	4.2159	4.2331	4.2093	4.1541	4.1804	4.1922	4.3711	4.5198	4.3794	4.3262	4.3512	4.3544	4.3594	4.3861	4.4236	4.4569	4.4676	4.5796	4.5269	4.5419	4.5607	4.6908	4.7377	4.8052	4.8057	4.8251	4.8218	4.7872	4.8785	4.8138	4.8154	4.7442	4.7349	4.6243	4.6719	4.6046	4.5554	4.5654	4.5532	4.5919	4.5796	4.6626	4.6055	4.6268	4.6200	4.6272	4.5382	4.5362	4.5579	4.6751	4.6098	4.6559	4.6877	4.6427	4.6795	4.8173	4.8560	4.8547	4.8799	4.8817	4.9539	4.9990	5.0153	5.2542	5.3894	
0.0000	0.0000	0.0000	0.0000	0.0000	1.4404	1.9791	2.3392	2.6784	3.0069	3.1898	3.4452	3.6159	3.7694	3.8197	3.9637	4.0076	3.9954	3.9359	3.9826	3.9898	4.1365	4.2793	4.1622	4.1409	4.1580	4.1648	4.1906	4.2120	4.2659	4.2983	4.3137	4.4200	4.3783	4.4006	4.4068	4.5201	4.5810	4.6249	4.6540	4.6974	4.6628	4.6177	4.7052	4.6160	4.6499	4.5772	4.5532	4.4877	4.5218	4.4641	4.4106	4.4002	4.3654	4.3871	4.3723	4.4710	4.4065	4.3964	4.4116	4.4035	4.3192	4.3110	4.3784	4.5122	4.4440	4.4915	4.5139	4.4720	4.4947	4.6303	4.7091	4.7008	4.7436	4.7559	4.7930	4.8565	4.8786	5.1002	5.2601	
0.0000	0.0000	0.0000	0.0000	0.0000	0.0000	1.4110	1.8397	2.2742	2.6728	2.9287	3.2141	3.4189	3.5970	3.6700	3.8068	3.8601	3.8778	3.8399	3.9022	3.8651	3.9851	4.1084	4.0135	4.0117	4.0061	4.0468	4.1322	4.1365	4.2032	4.2624	4.2791	4.4002	4.3643	4.3631	4.3801	4.4747	4.5250	4.5652	4.5512	4.6023	4.5818	4.5340	4.6523	4.5544	4.5899	4.5117	4.4612	4.3655	4.4056	4.3554	4.3051	4.2910	4.2259	4.2729	4.2960	4.3752	4.3335	4.3539	4.3758	4.3189	4.2682	4.2592	4.2887	4.4371	4.4034	4.4417	4.4844	4.4195	4.4420	4.5392	4.5805	4.5675	4.6069	4.6393	4.7070	4.7303	4.7675	4.9868	5.1476	
0.0000	0.0000	0.0000	0.0000	0.0000	0.0000	0.0000	1.3951	1.9053	2.3852	2.7143	3.0237	3.1907	3.3879	3.5051	3.6981	3.7671	3.8055	3.7590	3.8315	3.8235	3.9414	4.0910	4.0102	4.0288	4.0125	4.0752	4.1686	4.1658	4.1992	4.2425	4.2278	4.3301	4.2900	4.2674	4.2870	4.3981	4.4252	4.4752	4.4552	4.4954	4.4725	4.4457	4.5129	4.4253	4.4826	4.4210	4.4152	4.3227	4.3580	4.3054	4.2717	4.2618	4.2097	4.2295	4.2434	4.2788	4.2629	4.2958	4.3222	4.2733	4.2134	4.2235	4.2239	4.3652	4.3409	4.3580	4.4230	4.3969	4.4054	4.4882	4.4874	4.4651	4.5473	4.5575	4.6372	4.6585	4.7134	4.9680	5.1272	
0.0000	0.0000	0.0000	0.0000	0.0000	0.0000	0.0000	0.0000	1.4046	1.9878	2.4319	2.7803	3.0002	3.1769	3.3367	3.5042	3.5968	3.6497	3.6448	3.7236	3.7223	3.8416	4.0217	3.9545	3.9604	3.9897	4.0311	4.0977	4.0860	4.1038	4.1444	4.1645	4.2569	4.2552	4.1975	4.2265	4.3521	4.3695	4.3977	4.3610	4.4391	4.4496	4.4330	4.4707	4.4133	4.5019	4.4397	4.3844	4.3184	4.3834	4.3072	4.2562	4.2442	4.2080	4.2199	4.2413	4.3046	4.3167	4.3279	4.3254	4.2623	4.2125	4.2201	4.2240	4.3795	4.3425	4.3519	4.3974	4.3588	4.3823	4.4654	4.4525	4.4335	4.4704	4.4951	4.6110	4.6182	4.6545	4.8872	5.0273	
0.0000	0.0000	0.0000	0.0000	0.0000	0.0000	0.0000	0.0000	0.0000	1.4127	1.9607	2.3698	2.6257	2.9192	3.1150	3.3183	3.4134	3.4925	3.4870	3.5687	3.5845	3.7239	3.9177	3.8644	3.9168	3.9639	4.0419	4.0948	4.1266	4.1388	4.1402	4.1587	4.2267	4.2195	4.1546	4.1833	4.3149	4.3424	4.3599	4.3511	4.4404	4.4555	4.4539	4.4533	4.4142	4.4695	4.4004	4.3600	4.2778	4.3478	4.2706	4.2567	4.2365	4.2056	4.1951	4.2443	4.2994	4.2913	4.3030	4.2949	4.2428	4.1812	4.1750	4.2100	4.3636	4.3255	4.3189	4.3982	4.3697	4.4045	4.4866	4.4565	4.4202	4.4568	4.4911	4.5994	4.6215	4.6344	4.8326	5.0084	
0.0000	0.0000	0.0000	0.0000	0.0000	0.0000	0.0000	0.0000	0.0000	0.0000	1.3915	1.9482	2.3071	2.6896	2.9287	3.1616	3.2820	3.3641	3.3836	3.4972	3.5127	3.7200	3.9055	3.8586	3.9136	3.9462	3.9946	4.0367	4.0304	4.0796	4.0873	4.1307	4.2040	4.1694	4.1187	4.1358	4.2696	4.2710	4.2564	4.2483	4.3404	4.3700	4.3924	4.4103	4.3902	4.4141	4.3730	4.3094	4.2502	4.3284	4.2412	4.2278	4.2118	4.1382	4.1308	4.1818	4.2367	4.2893	4.2529	4.2371	4.2020	4.1413	4.1390	4.1950	4.3232	4.3314	4.3310	4.4088	4.3615	4.3706	4.4724	4.4420	4.4022	4.4659	4.4834	4.5903	4.6117	4.6105	4.8312	5.0151	
0.0000	0.0000	0.0000	0.0000	0.0000	0.0000	0.0000	0.0000	0.0000	0.0000	0.0000	1.4265	1.9058	2.3872	2.6839	2.9266	3.1101	3.1866	3.2193	3.3873	3.4231	3.6219	3.8029	3.7957	3.8834	3.9103	3.9175	3.9794	3.9867	4.0144	4.0703	4.1185	4.1856	4.1679	4.1198	4.1196	4.2360	4.2632	4.2696	4.2862	4.3587	4.3439	4.3907	4.4306	4.3958	4.3821	4.3249	4.2488	4.2518	4.3395	4.2415	4.2280	4.1925	4.1508	4.1278	4.1996	4.2275	4.2413	4.2107	4.2088	4.1534	4.1151	4.1277	4.1586	4.2823	4.2658	4.2787	4.3141	4.2849	4.2994	4.4072	4.3949	4.3924	4.4399	4.4469	4.5881	4.6225	4.6155	4.8163	5.0162	
0.0000	0.0000	0.0000	0.0000	0.0000	0.0000	0.0000	0.0000	0.0000	0.0000	0.0000	0.0000	1.4539	2.0149	2.3352	2.6589	2.9189	3.0618	3.1266	3.2901	3.3438	3.5707	3.7443	3.7685	3.8533	3.9131	3.9332	3.9797	4.0141	4.0286	4.0598	4.1619	4.2534	4.2359	4.1978	4.1943	4.2916	4.3004	4.3116	4.3351	4.4239	4.3886	4.4582	4.5052	4.4871	4.4670	4.3927	4.3093	4.3104	4.3518	4.2658	4.2693	4.2221	4.1385	4.1176	4.1850	4.2346	4.2787	4.2221	4.2425	4.1697	4.1172	4.1243	4.1275	4.2313	4.2596	4.2599	4.3227	4.2912	4.3176	4.4497	4.4413	4.4406	4.4922	4.5164	4.6238	4.6519	4.6687	4.8418	5.0114	
0.0000	0.0000	0.0000	0.0000	0.0000	0.0000	0.0000	0.0000	0.0000	0.0000	0.0000	0.0000	0.0000	1.4121	1.8708	2.2774	2.5778	2.7654	2.9091	3.0862	3.1854	3.4292	3.5973	3.6041	3.6942	3.7955	3.8325	3.8944	3.9691	3.9795	3.9858	4.0584	4.1777	4.1329	4.1055	4.1046	4.2463	4.2471	4.2605	4.2511	4.3191	4.3141	4.3971	4.4408	4.4158	4.4145	4.3923	4.3673	4.3708	4.4036	4.3175	4.2938	4.2410	4.1760	4.1379	4.1623	4.2028	4.2785	4.2244	4.2420	4.1586	4.1275	4.1703	4.1728	4.2460	4.2808	4.3142	4.3857	4.3094	4.3484	4.4419	4.4657	4.4630	4.5027	4.4823	4.5721	4.6261	4.6287	4.8147	4.9958	
0.0000	0.0000	0.0000	0.0000	0.0000	0.0000	0.0000	0.0000	0.0000	0.0000	0.0000	0.0000	0.0000	0.0000	1.4051	1.9244	2.2660	2.4923	2.6777	2.8818	3.0045	3.2574	3.4016	3.4291	3.5895	3.7024	3.7577	3.8354	3.9496	3.9690	3.9781	4.0800	4.1573	4.1417	4.0944	4.1289	4.2810	4.2844	4.2825	4.2605	4.3384	4.3090	4.3985	4.3928	4.3685	4.3826	4.3427	4.3139	4.3133	4.3658	4.2806	4.2659	4.2305	4.1709	4.1245	4.1577	4.1954	4.2679	4.2351	4.2117	4.1198	4.1049	4.1424	4.1537	4.2259	4.2643	4.2659	4.3521	4.2895	4.3366	4.4357	4.4638	4.4588	4.4832	4.4868	4.5481	4.5980	4.6365	4.8273	4.9911	
0.0000	0.0000	0.0000	0.0000	0.0000	0.0000	0.0000	0.0000	0.0000	0.0000	0.0000	0.0000	0.0000	0.0000	0.0000	1.4056	1.8821	2.1855	2.4245	2.6935	2.8289	3.0904	3.2978	3.3819	3.5324	3.6240	3.7313	3.8326	3.9147	3.9189	3.8904	3.9854	4.0481	4.0648	4.0518	4.1080	4.2480	4.2615	4.2288	4.1937	4.2665	4.2821	4.3610	4.3584	4.2930	4.2872	4.2620	4.2244	4.2360	4.2998	4.2140	4.2066	4.1780	4.1028	4.0800	4.1132	4.1478	4.1945	4.1616	4.1522	4.0685	4.0457	4.0960	4.1093	4.1890	4.2216	4.2166	4.2933	4.2254	4.2678	4.3734	4.4316	4.4309	4.4429	4.4289	4.4931	4.5388	4.5608	4.7636	4.9384	
0.0000	0.0000	0.0000	0.0000	0.0000	0.0000	0.0000	0.0000	0.0000	0.0000	0.0000	0.0000	0.0000	0.0000	0.0000	0.0000	1.3918	1.8210	2.2234	2.5865	2.7560	3.0256	3.2675	3.3920	3.5854	3.6483	3.8261	3.9381	4.0137	4.0032	3.9972	4.0821	4.1626	4.1827	4.1520	4.1836	4.3029	4.3384	4.3188	4.2844	4.3441	4.3849	4.4514	4.4577	4.3805	4.3402	4.2947	4.2730	4.2923	4.3548	4.2559	4.2198	4.1741	4.1571	4.1060	4.1468	4.1789	4.2021	4.1980	4.2270	4.1362	4.1064	4.1514	4.1402	4.2192	4.2724	4.3120	4.3819	4.2978	4.3607	4.4576	4.5304	4.5210	4.5655	4.5505	4.6090	4.6458	4.6904	4.8726	5.0419	
0.0000	0.0000	0.0000	0.0000	0.0000	0.0000	0.0000	0.0000	0.0000	0.0000	0.0000	0.0000	0.0000	0.0000	0.0000	0.0000	0.0000	1.4046	1.9416	2.3421	2.5833	2.8562	3.1219	3.2642	3.4537	3.5623	3.7332	3.8120	3.9201	3.9317	3.9331	3.9938	4.0775	4.1200	4.1075	4.1281	4.2712	4.3221	4.3299	4.2828	4.3420	4.3473	4.4288	4.4596	4.3678	4.3327	4.2626	4.2140	4.2044	4.2809	4.1852	4.1095	4.0572	4.0095	3.9544	4.0055	4.0682	4.0767	4.0960	4.1271	4.0781	4.0809	4.1334	4.1322	4.1602	4.1981	4.2328	4.3002	4.2247	4.2903	4.3795	4.4798	4.4665	4.5026	4.4928	4.5846	4.6262	4.6401	4.8529	5.0351	
0.0000	0.0000	0.0000	0.0000	0.0000	0.0000	0.0000	0.0000	0.0000	0.0000	0.0000	0.0000	0.0000	0.0000	0.0000	0.0000	0.0000	0.0000	1.4221	1.9374	2.2810	2.6112	2.9007	3.0639	3.2590	3.3766	3.5468	3.6540	3.7825	3.8095	3.8346	3.9090	4.0247	4.0344	4.0139	4.0313	4.1981	4.2422	4.2556	4.2011	4.2759	4.2939	4.3784	4.4204	4.3391	4.3108	4.2055	4.1676	4.1394	4.2073	4.1311	4.0658	4.0384	3.9668	3.9265	4.0015	4.0642	4.0733	4.0911	4.0862	4.0407	4.0403	4.1008	4.1100	4.1346	4.1859	4.2408	4.3006	4.2246	4.2776	4.3824	4.4781	4.4525	4.4744	4.4575	4.5593	4.5806	4.5742	4.7879	4.9848	
0.0000	0.0000	0.0000	0.0000	0.0000	0.0000	0.0000	0.0000	0.0000	0.0000	0.0000	0.0000	0.0000	0.0000	0.0000	0.0000	0.0000	0.0000	0.0000	1.3820	1.9027	2.3395	2.6531	2.8069	3.0029	3.1201	3.2777	3.4394	3.5986	3.6569	3.7145	3.7568	3.8919	3.8842	3.8651	3.8886	4.0274	4.1217	4.1356	4.0942	4.1476	4.1710	4.2840	4.3239	4.2665	4.2335	4.1245	4.0938	4.0875	4.1190	4.1000	4.0314	4.0472	4.0037	3.9866	4.0312	4.0942	4.0690	4.0764	4.0498	3.9798	4.0005	4.0061	3.9992	4.0333	4.0954	4.1537	4.2208	4.1629	4.1730	4.2734	4.3590	4.3374	4.3755	4.3704	4.5028	4.5350	4.5211	4.7662	4.9081	
0.0000	0.0000	0.0000	0.0000	0.0000	0.0000	0.0000	0.0000	0.0000	0.0000	0.0000	0.0000	0.0000	0.0000	0.0000	0.0000	0.0000	0.0000	0.0000	0.0000	1.4050	1.9888	2.3751	2.6197	2.8282	2.9800	3.1885	3.3280	3.5273	3.6003	3.6494	3.6799	3.8457	3.8415	3.8547	3.8841	4.0469	4.1457	4.1699	4.1328	4.1907	4.1843	4.2955	4.3138	4.2665	4.2257	4.0712	4.0504	4.0296	4.0768	4.0371	3.9935	4.0386	3.9702	3.9877	4.0247	4.0958	4.0610	4.0848	4.0497	3.9840	3.9997	4.0325	4.0201	4.0586	4.0948	4.1552	4.2412	4.1764	4.1884	4.2456	4.3338	4.3550	4.3961	4.4180	4.5395	4.5827	4.5910	4.8094	4.9558	
0.0000	0.0000	0.0000	0.0000	0.0000	0.0000	0.0000	0.0000	0.0000	0.0000	0.0000	0.0000	0.0000	0.0000	0.0000	0.0000	0.0000	0.0000	0.0000	0.0000	0.0000	1.3874	1.9499	2.2908	2.5389	2.7346	3.0182	3.1793	3.3753	3.4687	3.5574	3.6365	3.8169	3.8367	3.8541	3.8941	4.0739	4.1446	4.1533	4.1336	4.2298	4.2259	4.3400	4.3477	4.2871	4.2484	4.1443	4.1130	4.0903	4.1533	4.0854	4.0451	4.0609	3.9436	3.9982	4.0449	4.1074	4.0960	4.0781	4.0178	3.9648	3.9618	3.9740	3.9763	4.0373	4.0756	4.1256	4.1933	4.1374	4.1725	4.2303	4.3117	4.3287	4.3873	4.4118	4.5284	4.5634	4.5814	4.8152	4.9803	
0.0000	0.0000	0.0000	0.0000	0.0000	0.0000	0.0000	0.0000	0.0000	0.0000	0.0000	0.0000	0.0000	0.0000	0.0000	0.0000	0.0000	0.0000	0.0000	0.0000	0.0000	0.0000	1.3799	1.8952	2.2355	2.5329	2.8562	3.0375	3.2354	3.3290	3.4348	3.5323	3.7587	3.8379	3.8538	3.9111	4.0659	4.1991	4.1920	4.1485	4.2765	4.2693	4.3748	4.3562	4.3004	4.2354	4.1692	4.1696	4.1460	4.2090	4.1275	4.0598	4.0837	3.9926	4.0561	4.0853	4.1563	4.1854	4.1749	4.1614	4.1128	4.0932	4.1266	4.1717	4.2179	4.2313	4.2581	4.3041	4.2615	4.3110	4.3068	4.3874	4.3881	4.4412	4.4707	4.5780	4.5971	4.6222	4.8290	4.9981	
0.0000	0.0000	0.0000	0.0000	0.0000	0.0000	0.0000	0.0000	0.0000	0.0000	0.0000	0.0000	0.0000	0.0000	0.0000	0.0000	0.0000	0.0000	0.0000	0.0000	0.0000	0.0000	0.0000	1.4040	1.9001	2.3368	2.6570	2.8494	3.0897	3.2062	3.3222	3.4708	3.6862	3.7420	3.7912	3.8835	4.0312	4.1947	4.1838	4.1176	4.2557	4.2388	4.3258	4.2935	4.2206	4.1576	4.1117	4.1222	4.0728	4.1146	4.0817	4.0011	4.0453	3.9967	4.0785	4.0813	4.1869	4.2006	4.1762	4.1544	4.0907	4.0259	4.0587	4.1124	4.1631	4.1798	4.2241	4.2878	4.2383	4.3297	4.3409	4.4318	4.4171	4.4754	4.5266	4.6373	4.6238	4.6184	4.8087	4.9632	
0.0000	0.0000	0.0000	0.0000	0.0000	0.0000	0.0000	0.0000	0.0000	0.0000	0.0000	0.0000	0.0000	0.0000	0.0000	0.0000	0.0000	0.0000	0.0000	0.0000	0.0000	0.0000	0.0000	0.0000	1.4070	2.0002	2.3791	2.6207	2.8887	3.0419	3.1773	3.3275	3.5358	3.6087	3.6471	3.7784	3.8966	4.0292	4.0346	4.0211	4.1788	4.1876	4.2594	4.2270	4.1745	4.1298	4.1076	4.1217	4.0605	4.1046	4.0789	3.9964	4.0251	3.9853	4.0683	4.0606	4.1741	4.1676	4.1898	4.1371	4.0573	4.0185	4.0023	4.0637	4.1092	4.1143	4.1767	4.2692	4.2265	4.3040	4.3621	4.4286	4.4176	4.4603	4.5134	4.6456	4.6261	4.6175	4.8302	4.9933	
0.0000	0.0000	0.0000	0.0000	0.0000	0.0000	0.0000	0.0000	0.0000	0.0000	0.0000	0.0000	0.0000	0.0000	0.0000	0.0000	0.0000	0.0000	0.0000	0.0000	0.0000	0.0000	0.0000	0.0000	0.0000	1.4140	1.8958	2.2259	2.5336	2.7929	3.0012	3.1628	3.3844	3.4960	3.5619	3.7261	3.8395	3.9653	3.9996	3.9827	4.1126	4.1502	4.2582	4.2396	4.2365	4.2113	4.1956	4.2257	4.1384	4.1435	4.1126	4.0428	4.0877	4.0600	4.1192	4.1155	4.1960	4.2208	4.2150	4.1330	4.0547	4.0051	3.9935	4.0203	4.0738	4.1051	4.1604	4.2423	4.2037	4.2754	4.3095	4.3944	4.3962	4.4285	4.5064	4.6376	4.6181	4.5943	4.8067	4.9869	
0.0000	0.0000	0.0000	0.0000	0.0000	0.0000	0.0000	0.0000	0.0000	0.0000	0.0000	0.0000	0.0000	0.0000	0.0000	0.0000	0.0000	0.0000	0.0000	0.0000	0.0000	0.0000	0.0000	0.0000	0.0000	0.0000	1.4118	1.8967	2.2870	2.6429	2.9192	3.1452	3.3579	3.4661	3.4883	3.6686	3.7718	3.9182	3.9667	3.9289	4.0436	4.0852	4.1754	4.1418	4.1433	4.1409	4.1556	4.1890	4.1316	4.1584	4.1126	4.0868	4.1029	4.0542	4.1374	4.1204	4.1964	4.2121	4.2099	4.1515	4.0756	4.0236	4.0144	4.0715	4.1100	4.1078	4.1582	4.2112	4.1703	4.2573	4.2913	4.3538	4.3777	4.4719	4.5023	4.6344	4.6309	4.6147	4.8656	5.0481	
0.0000	0.0000	0.0000	0.0000	0.0000	0.0000	0.0000	0.0000	0.0000	0.0000	0.0000	0.0000	0.0000	0.0000	0.0000	0.0000	0.0000	0.0000	0.0000	0.0000	0.0000	0.0000	0.0000	0.0000	0.0000	0.0000	0.0000	1.3909	1.8946	2.3462	2.6399	2.8572	3.1159	3.2514	3.3189	3.5247	3.6437	3.7990	3.8440	3.8125	3.9382	3.9847	4.0575	4.0598	4.0769	4.0652	4.0804	4.1307	4.0835	4.0862	4.0590	4.0230	4.0649	4.0296	4.0819	4.0538	4.1410	4.1477	4.1364	4.0901	4.0105	3.9476	3.9062	3.9639	4.0140	3.9777	4.0240	4.0634	4.0710	4.1899	4.1876	4.2428	4.3035	4.3823	4.4366	4.5947	4.5982	4.5947	4.8218	5.0146	
0.0000	0.0000	0.0000	0.0000	0.0000	0.0000	0.0000	0.0000	0.0000	0.0000	0.0000	0.0000	0.0000	0.0000	0.0000	0.0000	0.0000	0.0000	0.0000	0.0000	0.0000	0.0000	0.0000	0.0000	0.0000	0.0000	0.0000	0.0000	1.4149	1.9628	2.2584	2.5602	2.9182	3.0898	3.2137	3.4319	3.5578	3.7324	3.7815	3.7543	3.8889	3.9270	4.0442	4.0751	4.1024	4.0673	4.1181	4.1796	4.1343	4.1210	4.0985	4.0406	4.0848	4.0668	4.1060	4.0583	4.1501	4.1677	4.1588	4.1058	4.0463	3.9566	3.9135	3.9501	4.0087	3.9572	3.9869	4.0644	4.0646	4.1819	4.2002	4.2214	4.2640	4.3185	4.4081	4.5648	4.5897	4.6079	4.8467	5.0516	
0.0000	0.0000	0.0000	0.0000	0.0000	0.0000	0.0000	0.0000	0.0000	0.0000	0.0000	0.0000	0.0000	0.0000	0.0000	0.0000	0.0000	0.0000	0.0000	0.0000	0.0000	0.0000	0.0000	0.0000	0.0000	0.0000	0.0000	0.0000	0.0000	1.4178	1.8969	2.2854	2.6942	2.8576	3.0218	3.2667	3.4083	3.6043	3.6818	3.6854	3.8275	3.9191	4.0024	4.0793	4.1190	4.0793	4.1380	4.2140	4.1849	4.2019	4.1300	4.0776	4.1222	4.1426	4.1869	4.1285	4.2211	4.2129	4.1965	4.1784	4.1137	3.9929	3.9697	3.9953	4.0451	3.9937	3.9799	4.0773	4.0991	4.2049	4.2088	4.2273	4.2758	4.3408	4.4192	4.5777	4.6138	4.6344	4.8941	5.1048	
0.0000	0.0000	0.0000	0.0000	0.0000	0.0000	0.0000	0.0000	0.0000	0.0000	0.0000	0.0000	0.0000	0.0000	0.0000	0.0000	0.0000	0.0000	0.0000	0.0000	0.0000	0.0000	0.0000	0.0000	0.0000	0.0000	0.0000	0.0000	0.0000	0.0000	1.3939	1.8716	2.3173	2.5911	2.7932	3.0474	3.2672	3.4372	3.5631	3.6215	3.7595	3.8987	3.9563	4.0302	4.0414	4.0101	4.0898	4.2097	4.2072	4.2128	4.1340	4.0744	4.1408	4.1648	4.2142	4.1618	4.2290	4.1860	4.1448	4.1353	4.0790	3.9918	3.9792	3.9926	4.0584	4.0252	4.0141	4.1158	4.1479	4.2831	4.3300	4.3281	4.3465	4.4062	4.4553	4.5944	4.6550	4.6868	4.9358	5.1015	
0.0000	0.0000	0.0000	0.0000	0.0000	0.0000	0.0000	0.0000	0.0000	0.0000	0.0000	0.0000	0.0000	0.0000	0.0000	0.0000	0.0000	0.0000	0.0000	0.0000	0.0000	0.0000	0.0000	0.0000	0.0000	0.0000	0.0000	0.0000	0.0000	0.0000	0.0000	1.3810	1.9789	2.3330	2.6562	2.9809	3.2221	3.3917	3.5600	3.6350	3.7746	3.8794	3.9478	4.0208	4.0336	4.0682	4.1490	4.2669	4.2516	4.2620	4.1880	4.1525	4.2446	4.2337	4.2787	4.2295	4.2663	4.2387	4.2203	4.2150	4.1584	4.0838	4.0175	4.0363	4.1248	4.0934	4.0976	4.1424	4.1528	4.2660	4.3494	4.3252	4.3389	4.3932	4.4360	4.5944	4.6706	4.7375	4.9753	5.1290	
0.0000	0.0000	0.0000	0.0000	0.0000	0.0000	0.0000	0.0000	0.0000	0.0000	0.0000	0.0000	0.0000	0.0000	0.0000	0.0000	0.0000	0.0000	0.0000	0.0000	0.0000	0.0000	0.0000	0.0000	0.0000	0.0000	0.0000	0.0000	0.0000	0.0000	0.0000	0.0000	1.4189	1.9313	2.3625	2.7258	2.9862	3.1696	3.3768	3.5005	3.6494	3.7796	3.8413	3.9429	4.0052	4.0413	4.1170	4.1840	4.1683	4.2213	4.1495	4.1525	4.2464	4.2380	4.2897	4.2390	4.2808	4.2257	4.1748	4.1710	4.1235	4.0669	4.0216	4.0253	4.1330	4.1272	4.1302	4.1796	4.1914	4.2990	4.3996	4.4269	4.4352	4.4900	4.5322	4.6674	4.7352	4.7893	5.0466	5.1865	
0.0000	0.0000	0.0000	0.0000	0.0000	0.0000	0.0000	0.0000	0.0000	0.0000	0.0000	0.0000	0.0000	0.0000	0.0000	0.0000	0.0000	0.0000	0.0000	0.0000	0.0000	0.0000	0.0000	0.0000	0.0000	0.0000	0.0000	0.0000	0.0000	0.0000	0.0000	0.0000	0.0000	1.4072	1.9516	2.3814	2.7242	2.9816	3.1973	3.3784	3.5307	3.6436	3.7214	3.8154	3.9189	3.9488	3.9715	4.0223	4.0438	4.1453	4.1069	4.1275	4.2326	4.1903	4.2345	4.1809	4.2418	4.1776	4.1421	4.1557	4.0937	4.0606	3.9645	3.9854	4.0531	4.0825	4.0629	4.1353	4.1973	4.2846	4.3518	4.3626	4.3680	4.4084	4.4486	4.5683	4.6444	4.6748	4.9292	5.0608	
0.0000	0.0000	0.0000	0.0000	0.0000	0.0000	0.0000	0.0000	0.0000	0.0000	0.0000	0.0000	0.0000	0.0000	0.0000	0.0000	0.0000	0.0000	0.0000	0.0000	0.0000	0.0000	0.0000	0.0000	0.0000	0.0000	0.0000	0.0000	0.0000	0.0000	0.0000	0.0000	0.0000	0.0000	1.4034	2.0130	2.4206	2.7329	3.0263	3.2457	3.4059	3.4627	3.5548	3.6689	3.7983	3.8509	3.8951	3.9650	3.9712	4.0528	4.0039	4.0202	4.1394	4.0956	4.1362	4.0964	4.1619	4.1032	4.0808	4.1221	4.0571	4.0127	3.9301	3.9560	4.0025	4.1021	4.0914	4.1546	4.2013	4.2638	4.2982	4.3174	4.3354	4.3887	4.4001	4.4961	4.5922	4.5945	4.8231	4.9454	
0.0000	0.0000	0.0000	0.0000	0.0000	0.0000	0.0000	0.0000	0.0000	0.0000	0.0000	0.0000	0.0000	0.0000	0.0000	0.0000	0.0000	0.0000	0.0000	0.0000	0.0000	0.0000	0.0000	0.0000	0.0000	0.0000	0.0000	0.0000	0.0000	0.0000	0.0000	0.0000	0.0000	0.0000	0.0000	1.4192	1.9482	2.2935	2.6663	2.9638	3.1634	3.2351	3.3428	3.4690	3.6116	3.7068	3.7582	3.7998	3.8295	3.9447	3.9055	3.9389	4.0694	4.0787	4.1230	4.0697	4.0774	4.0165	3.9753	4.0299	3.9809	3.9462	3.8897	3.9706	4.0356	4.1355	4.1075	4.1527	4.1881	4.2457	4.2844	4.3148	4.3493	4.4088	4.3884	4.4675	4.5576	4.5934	4.8347	4.9462	
0.0000	0.0000	0.0000	0.0000	0.0000	0.0000	0.0000	0.0000	0.0000	0.0000	0.0000	0.0000	0.0000	0.0000	0.0000	0.0000	0.0000	0.0000	0.0000	0.0000	0.0000	0.0000	0.0000	0.0000	0.0000	0.0000	0.0000	0.0000	0.0000	0.0000	0.0000	0.0000	0.0000	0.0000	0.0000	0.0000	1.3692	1.8677	2.3016	2.6639	2.8962	3.0155	3.0983	3.2375	3.3642	3.4962	3.5575	3.6193	3.6936	3.8246	3.7982	3.8648	4.0101	3.9963	4.0504	4.0232	4.0410	4.0031	3.9772	4.0267	4.0389	4.0102	3.9628	4.0211	4.0731	4.1864	4.1772	4.2366	4.2526	4.3028	4.3523	4.4152	4.4428	4.5179	4.5055	4.5660	4.6363	4.6502	4.8499	4.9720	
0.0000	0.0000	0.0000	0.0000	0.0000	0.0000	0.0000	0.0000	0.0000	0.0000	0.0000	0.0000	0.0000	0.0000	0.0000	0.0000	0.0000	0.0000	0.0000	0.0000	0.0000	0.0000	0.0000	0.0000	0.0000	0.0000	0.0000	0.0000	0.0000	0.0000	0.0000	0.0000	0.0000	0.0000	0.0000	0.0000	0.0000	1.3920	1.9391	2.4506	2.6699	2.8422	2.9510	3.1364	3.3278	3.4739	3.5566	3.6324	3.7493	3.8959	3.8747	3.9575	4.0705	4.0696	4.1189	4.0920	4.0810	4.0394	4.0265	4.0764	4.0946	4.0696	4.0326	4.1062	4.1670	4.2784	4.2246	4.3111	4.3281	4.3905	4.4430	4.5156	4.5475	4.6336	4.6369	4.7041	4.7566	4.7714	4.9662	5.0984	
0.0000	0.0000	0.0000	0.0000	0.0000	0.0000	0.0000	0.0000	0.0000	0.0000	0.0000	0.0000	0.0000	0.0000	0.0000	0.0000	0.0000	0.0000	0.0000	0.0000	0.0000	0.0000	0.0000	0.0000	0.0000	0.0000	0.0000	0.0000	0.0000	0.0000	0.0000	0.0000	0.0000	0.0000	0.0000	0.0000	0.0000	0.0000	1.4075	2.0405	2.3259	2.6054	2.7524	2.9775	3.1574	3.3453	3.4566	3.5225	3.6609	3.8189	3.8098	3.9074	4.0257	4.0361	4.0834	4.0444	4.0277	3.9922	3.9629	4.0149	4.0660	4.0554	4.0250	4.0781	4.1587	4.2617	4.2019	4.3053	4.3126	4.3822	4.4440	4.5558	4.5804	4.6634	4.6972	4.7671	4.7905	4.8019	4.9979	5.1723	
0.0000	0.0000	0.0000	0.0000	0.0000	0.0000	0.0000	0.0000	0.0000	0.0000	0.0000	0.0000	0.0000	0.0000	0.0000	0.0000	0.0000	0.0000	0.0000	0.0000	0.0000	0.0000	0.0000	0.0000	0.0000	0.0000	0.0000	0.0000	0.0000	0.0000	0.0000	0.0000	0.0000	0.0000	0.0000	0.0000	0.0000	0.0000	0.0000	1.4027	1.8926	2.2818	2.4578	2.6837	2.9483	3.1653	3.2952	3.3610	3.5093	3.6869	3.6747	3.7910	3.8786	3.9010	3.9529	3.9133	3.9174	3.9158	3.8895	3.9453	4.0254	4.0166	3.9992	4.0923	4.1514	4.2381	4.2060	4.3337	4.3474	4.4166	4.4789	4.5694	4.6045	4.6760	4.7075	4.7771	4.7894	4.7681	4.9573	5.1327	
0.0000	0.0000	0.0000	0.0000	0.0000	0.0000	0.0000	0.0000	0.0000	0.0000	0.0000	0.0000	0.0000	0.0000	0.0000	0.0000	0.0000	0.0000	0.0000	0.0000	0.0000	0.0000	0.0000	0.0000	0.0000	0.0000	0.0000	0.0000	0.0000	0.0000	0.0000	0.0000	0.0000	0.0000	0.0000	0.0000	0.0000	0.0000	0.0000	0.0000	1.4080	1.9022	2.2065	2.4636	2.7174	2.9391	3.0752	3.1690	3.3393	3.5252	3.5376	3.6723	3.8323	3.8538	3.9357	3.8695	3.8436	3.8474	3.8252	3.8648	3.9473	3.9429	3.9392	4.0123	4.0533	4.1338	4.1020	4.1570	4.1733	4.2292	4.3057	4.3962	4.4368	4.5328	4.5675	4.6431	4.6487	4.6719	4.8657	5.0647	
0.0000	0.0000	0.0000	0.0000	0.0000	0.0000	0.0000	0.0000	0.0000	0.0000	0.0000	0.0000	0.0000	0.0000	0.0000	0.0000	0.0000	0.0000	0.0000	0.0000	0.0000	0.0000	0.0000	0.0000	0.0000	0.0000	0.0000	0.0000	0.0000	0.0000	0.0000	0.0000	0.0000	0.0000	0.0000	0.0000	0.0000	0.0000	0.0000	0.0000	0.0000	1.4430	1.8824	2.2190	2.5641	2.7973	2.9265	3.0653	3.2705	3.4734	3.5257	3.6957	3.8397	3.8504	3.9005	3.8472	3.8518	3.8789	3.8793	3.9198	4.0194	4.0235	4.0052	4.0893	4.1595	4.2428	4.2146	4.2956	4.2903	4.3275	4.3975	4.4811	4.5184	4.6333	4.6130	4.6782	4.6954	4.7310	4.9454	5.1417	
0.0000	0.0000	0.0000	0.0000	0.0000	0.0000	0.0000	0.0000	0.0000	0.0000	0.0000	0.0000	0.0000	0.0000	0.0000	0.0000	0.0000	0.0000	0.0000	0.0000	0.0000	0.0000	0.0000	0.0000	0.0000	0.0000	0.0000	0.0000	0.0000	0.0000	0.0000	0.0000	0.0000	0.0000	0.0000	0.0000	0.0000	0.0000	0.0000	0.0000	0.0000	0.0000	1.4054	1.9039	2.3216	2.6036	2.7691	2.9563	3.1754	3.4195	3.4795	3.6415	3.7951	3.8092	3.8627	3.8058	3.7813	3.8248	3.8116	3.8863	3.9280	3.9620	3.9379	4.0563	4.1333	4.2327	4.2109	4.2875	4.2566	4.2587	4.3305	4.3752	4.4006	4.5057	4.4807	4.5516	4.5874	4.6088	4.8542	5.0517	
0.0000	0.0000	0.0000	0.0000	0.0000	0.0000	0.0000	0.0000	0.0000	0.0000	0.0000	0.0000	0.0000	0.0000	0.0000	0.0000	0.0000	0.0000	0.0000	0.0000	0.0000	0.0000	0.0000	0.0000	0.0000	0.0000	0.0000	0.0000	0.0000	0.0000	0.0000	0.0000	0.0000	0.0000	0.0000	0.0000	0.0000	0.0000	0.0000	0.0000	0.0000	0.0000	0.0000	1.4227	1.9872	2.3094	2.5557	2.7889	3.0371	3.3161	3.3584	3.5372	3.7617	3.8036	3.8498	3.8264	3.8266	3.8541	3.8655	3.9441	3.9803	3.9995	3.9761	4.1161	4.1775	4.2598	4.2368	4.2796	4.2347	4.2392	4.2759	4.3494	4.3947	4.5021	4.5014	4.5879	4.6212	4.6101	4.8677	5.0745	
0.0000	0.0000	0.0000	0.0000	0.0000	0.0000	0.0000	0.0000	0.0000	0.0000	0.0000	0.0000	0.0000	0.0000	0.0000	0.0000	0.0000	0.0000	0.0000	0.0000	0.0000	0.0000	0.0000	0.0000	0.0000	0.0000	0.0000	0.0000	0.0000	0.0000	0.0000	0.0000	0.0000	0.0000	0.0000	0.0000	0.0000	0.0000	0.0000	0.0000	0.0000	0.0000	0.0000	0.0000	1.4104	1.9142	2.2784	2.5169	2.8050	3.0978	3.1747	3.4115	3.6638	3.7382	3.7651	3.7631	3.7810	3.8731	3.8847	3.9464	3.9860	4.0448	4.0228	4.1745	4.2095	4.2795	4.2545	4.3383	4.2881	4.2930	4.3187	4.3639	4.4200	4.5345	4.5299	4.5970	4.6478	4.6372	4.8542	5.0782	
0.0000	0.0000	0.0000	0.0000	0.0000	0.0000	0.0000	0.0000	0.0000	0.0000	0.0000	0.0000	0.0000	0.0000	0.0000	0.0000	0.0000	0.0000	0.0000	0.0000	0.0000	0.0000	0.0000	0.0000	0.0000	0.0000	0.0000	0.0000	0.0000	0.0000	0.0000	0.0000	0.0000	0.0000	0.0000	0.0000	0.0000	0.0000	0.0000	0.0000	0.0000	0.0000	0.0000	0.0000	0.0000	1.4228	1.9079	2.2475	2.6159	2.8915	2.9993	3.2299	3.4680	3.5944	3.6513	3.6366	3.6768	3.7461	3.7819	3.8499	3.8742	3.9413	3.9202	4.0917	4.1446	4.2459	4.2157	4.3054	4.2056	4.2475	4.2932	4.3387	4.3799	4.5128	4.5037	4.5587	4.5911	4.5708	4.7688	4.9970	
0.0000	0.0000	0.0000	0.0000	0.0000	0.0000	0.0000	0.0000	0.0000	0.0000	0.0000	0.0000	0.0000	0.0000	0.0000	0.0000	0.0000	0.0000	0.0000	0.0000	0.0000	0.0000	0.0000	0.0000	0.0000	0.0000	0.0000	0.0000	0.0000	0.0000	0.0000	0.0000	0.0000	0.0000	0.0000	0.0000	0.0000	0.0000	0.0000	0.0000	0.0000	0.0000	0.0000	0.0000	0.0000	0.0000	1.3898	1.9085	2.3921	2.6477	2.7651	2.9728	3.2322	3.3898	3.5122	3.5410	3.5801	3.6589	3.7179	3.8343	3.8554	3.9246	3.9224	4.1005	4.1719	4.2914	4.2242	4.3145	4.2380	4.2950	4.3400	4.3759	4.3927	4.5392	4.5161	4.5708	4.5752	4.5631	4.7544	4.9947	
0.0000	0.0000	0.0000	0.0000	0.0000	0.0000	0.0000	0.0000	0.0000	0.0000	0.0000	0.0000	0.0000	0.0000	0.0000	0.0000	0.0000	0.0000	0.0000	0.0000	0.0000	0.0000	0.0000	0.0000	0.0000	0.0000	0.0000	0.0000	0.0000	0.0000	0.0000	0.0000	0.0000	0.0000	0.0000	0.0000	0.0000	0.0000	0.0000	0.0000	0.0000	0.0000	0.0000	0.0000	0.0000	0.0000	0.0000	1.4110	1.9743	2.3093	2.5094	2.7570	3.0803	3.2409	3.3875	3.4576	3.4883	3.5780	3.6623	3.7496	3.7902	3.8542	3.8616	4.0227	4.0813	4.1931	4.1386	4.2468	4.1766	4.2286	4.2622	4.3102	4.3350	4.4500	4.4579	4.5233	4.5305	4.5163	4.7257	4.9644	
0.0000	0.0000	0.0000	0.0000	0.0000	0.0000	0.0000	0.0000	0.0000	0.0000	0.0000	0.0000	0.0000	0.0000	0.0000	0.0000	0.0000	0.0000	0.0000	0.0000	0.0000	0.0000	0.0000	0.0000	0.0000	0.0000	0.0000	0.0000	0.0000	0.0000	0.0000	0.0000	0.0000	0.0000	0.0000	0.0000	0.0000	0.0000	0.0000	0.0000	0.0000	0.0000	0.0000	0.0000	0.0000	0.0000	0.0000	0.0000	1.3992	1.9239	2.2330	2.5240	2.9453	3.0782	3.2267	3.2784	3.3403	3.4597	3.5480	3.6090	3.6714	3.7718	3.8003	3.9539	4.0383	4.1784	4.1667	4.2460	4.1576	4.1782	4.2139	4.2566	4.2846	4.3817	4.4334	4.5270	4.5570	4.5039	4.6862	4.9179	
0.0000	0.0000	0.0000	0.0000	0.0000	0.0000	0.0000	0.0000	0.0000	0.0000	0.0000	0.0000	0.0000	0.0000	0.0000	0.0000	0.0000	0.0000	0.0000	0.0000	0.0000	0.0000	0.0000	0.0000	0.0000	0.0000	0.0000	0.0000	0.0000	0.0000	0.0000	0.0000	0.0000	0.0000	0.0000	0.0000	0.0000	0.0000	0.0000	0.0000	0.0000	0.0000	0.0000	0.0000	0.0000	0.0000	0.0000	0.0000	0.0000	1.4086	1.8142	2.1686	2.6809	2.8398	3.0570	3.1217	3.2625	3.4169	3.5138	3.5968	3.6679	3.7570	3.8103	3.9064	3.9908	4.0920	4.0980	4.1787	4.1069	4.1388	4.1965	4.2589	4.2723	4.3925	4.4781	4.5092	4.5387	4.4887	4.6474	4.8858	
0.0000	0.0000	0.0000	0.0000	0.0000	0.0000	0.0000	0.0000	0.0000	0.0000	0.0000	0.0000	0.0000	0.0000	0.0000	0.0000	0.0000	0.0000	0.0000	0.0000	0.0000	0.0000	0.0000	0.0000	0.0000	0.0000	0.0000	0.0000	0.0000	0.0000	0.0000	0.0000	0.0000	0.0000	0.0000	0.0000	0.0000	0.0000	0.0000	0.0000	0.0000	0.0000	0.0000	0.0000	0.0000	0.0000	0.0000	0.0000	0.0000	0.0000	1.3859	1.8147	2.4028	2.5725	2.8580	3.0068	3.1737	3.3437	3.4491	3.5242	3.6100	3.7139	3.8303	3.9161	3.9975	4.1091	4.1149	4.2081	4.1621	4.1922	4.2397	4.2933	4.3097	4.4174	4.5079	4.5450	4.5788	4.5528	4.6777	4.8945	
0.0000	0.0000	0.0000	0.0000	0.0000	0.0000	0.0000	0.0000	0.0000	0.0000	0.0000	0.0000	0.0000	0.0000	0.0000	0.0000	0.0000	0.0000	0.0000	0.0000	0.0000	0.0000	0.0000	0.0000	0.0000	0.0000	0.0000	0.0000	0.0000	0.0000	0.0000	0.0000	0.0000	0.0000	0.0000	0.0000	0.0000	0.0000	0.0000	0.0000	0.0000	0.0000	0.0000	0.0000	0.0000	0.0000	0.0000	0.0000	0.0000	0.0000	0.0000	1.4065	2.0171	2.2738	2.6085	2.7803	2.9977	3.1313	3.2727	3.3844	3.4997	3.6107	3.7398	3.7987	3.8663	3.9649	3.9723	4.0854	4.0732	4.1030	4.1404	4.2144	4.2711	4.3571	4.4389	4.5010	4.5041	4.4706	4.6092	4.8194	
0.0000	0.0000	0.0000	0.0000	0.0000	0.0000	0.0000	0.0000	0.0000	0.0000	0.0000	0.0000	0.0000	0.0000	0.0000	0.0000	0.0000	0.0000	0.0000	0.0000	0.0000	0.0000	0.0000	0.0000	0.0000	0.0000	0.0000	0.0000	0.0000	0.0000	0.0000	0.0000	0.0000	0.0000	0.0000	0.0000	0.0000	0.0000	0.0000	0.0000	0.0000	0.0000	0.0000	0.0000	0.0000	0.0000	0.0000	0.0000	0.0000	0.0000	0.0000	0.0000	1.4311	1.8940	2.3332	2.5605	2.8382	2.9870	3.1706	3.2715	3.4136	3.5128	3.6709	3.7637	3.8545	3.9319	3.9727	4.0589	4.0386	4.0789	4.1271	4.2031	4.2545	4.3564	4.4500	4.5527	4.5090	4.4698	4.6125	4.8177	
0.0000	0.0000	0.0000	0.0000	0.0000	0.0000	0.0000	0.0000	0.0000	0.0000	0.0000	0.0000	0.0000	0.0000	0.0000	0.0000	0.0000	0.0000	0.0000	0.0000	0.0000	0.0000	0.0000	0.0000	0.0000	0.0000	0.0000	0.0000	0.0000	0.0000	0.0000	0.0000	0.0000	0.0000	0.0000	0.0000	0.0000	0.0000	0.0000	0.0000	0.0000	0.0000	0.0000	0.0000	0.0000	0.0000	0.0000	0.0000	0.0000	0.0000	0.0000	0.0000	0.0000	1.3799	1.9551	2.2958	2.6655	2.8173	3.0350	3.2536	3.3905	3.5095	3.7022	3.8047	3.8821	3.9350	4.0064	4.1116	4.0838	4.1630	4.2399	4.3223	4.4001	4.4802	4.5640	4.6431	4.6021	4.5646	4.6823	4.9043	
0.0000	0.0000	0.0000	0.0000	0.0000	0.0000	0.0000	0.0000	0.0000	0.0000	0.0000	0.0000	0.0000	0.0000	0.0000	0.0000	0.0000	0.0000	0.0000	0.0000	0.0000	0.0000	0.0000	0.0000	0.0000	0.0000	0.0000	0.0000	0.0000	0.0000	0.0000	0.0000	0.0000	0.0000	0.0000	0.0000	0.0000	0.0000	0.0000	0.0000	0.0000	0.0000	0.0000	0.0000	0.0000	0.0000	0.0000	0.0000	0.0000	0.0000	0.0000	0.0000	0.0000	0.0000	1.4148	1.9598	2.3737	2.5779	2.8344	3.0316	3.1948	3.2996	3.5117	3.6127	3.7833	3.8463	3.9186	4.0361	4.0532	4.1253	4.2367	4.3193	4.4075	4.4405	4.5340	4.6216	4.5641	4.5037	4.6344	4.8366	
0.0000	0.0000	0.0000	0.0000	0.0000	0.0000	0.0000	0.0000	0.0000	0.0000	0.0000	0.0000	0.0000	0.0000	0.0000	0.0000	0.0000	0.0000	0.0000	0.0000	0.0000	0.0000	0.0000	0.0000	0.0000	0.0000	0.0000	0.0000	0.0000	0.0000	0.0000	0.0000	0.0000	0.0000	0.0000	0.0000	0.0000	0.0000	0.0000	0.0000	0.0000	0.0000	0.0000	0.0000	0.0000	0.0000	0.0000	0.0000	0.0000	0.0000	0.0000	0.0000	0.0000	0.0000	0.0000	1.3920	1.9551	2.2774	2.6047	2.8515	3.0654	3.1884	3.4022	3.5056	3.6739	3.7663	3.8595	3.9804	3.9997	4.1123	4.2224	4.2834	4.3936	4.3970	4.4572	4.5601	4.5107	4.4386	4.5695	4.7608	
0.0000	0.0000	0.0000	0.0000	0.0000	0.0000	0.0000	0.0000	0.0000	0.0000	0.0000	0.0000	0.0000	0.0000	0.0000	0.0000	0.0000	0.0000	0.0000	0.0000	0.0000	0.0000	0.0000	0.0000	0.0000	0.0000	0.0000	0.0000	0.0000	0.0000	0.0000	0.0000	0.0000	0.0000	0.0000	0.0000	0.0000	0.0000	0.0000	0.0000	0.0000	0.0000	0.0000	0.0000	0.0000	0.0000	0.0000	0.0000	0.0000	0.0000	0.0000	0.0000	0.0000	0.0000	0.0000	0.0000	1.4352	1.9163	2.3526	2.6817	2.9083	3.0622	3.3047	3.4321	3.6384	3.7086	3.8165	3.9377	3.9610	4.0332	4.1479	4.2200	4.3376	4.3181	4.3689	4.4675	4.4649	4.4079	4.5592	4.7481	
0.0000	0.0000	0.0000	0.0000	0.0000	0.0000	0.0000	0.0000	0.0000	0.0000	0.0000	0.0000	0.0000	0.0000	0.0000	0.0000	0.0000	0.0000	0.0000	0.0000	0.0000	0.0000	0.0000	0.0000	0.0000	0.0000	0.0000	0.0000	0.0000	0.0000	0.0000	0.0000	0.0000	0.0000	0.0000	0.0000	0.0000	0.0000	0.0000	0.0000	0.0000	0.0000	0.0000	0.0000	0.0000	0.0000	0.0000	0.0000	0.0000	0.0000	0.0000	0.0000	0.0000	0.0000	0.0000	0.0000	0.0000	1.4032	1.9233	2.3313	2.6355	2.9164	3.1865	3.3331	3.5416	3.6267	3.7788	3.8907	3.9020	3.9728	4.1067	4.1615	4.2657	4.2795	4.3565	4.4705	4.4524	4.4205	4.5734	4.7696	
0.0000	0.0000	0.0000	0.0000	0.0000	0.0000	0.0000	0.0000	0.0000	0.0000	0.0000	0.0000	0.0000	0.0000	0.0000	0.0000	0.0000	0.0000	0.0000	0.0000	0.0000	0.0000	0.0000	0.0000	0.0000	0.0000	0.0000	0.0000	0.0000	0.0000	0.0000	0.0000	0.0000	0.0000	0.0000	0.0000	0.0000	0.0000	0.0000	0.0000	0.0000	0.0000	0.0000	0.0000	0.0000	0.0000	0.0000	0.0000	0.0000	0.0000	0.0000	0.0000	0.0000	0.0000	0.0000	0.0000	0.0000	0.0000	1.4346	1.9564	2.2833	2.6600	2.9341	3.0907	3.3234	3.4348	3.6007	3.7138	3.7847	3.8746	4.0161	4.0903	4.1963	4.2325	4.3387	4.4643	4.4566	4.4538	4.6552	4.8791	
0.0000	0.0000	0.0000	0.0000	0.0000	0.0000	0.0000	0.0000	0.0000	0.0000	0.0000	0.0000	0.0000	0.0000	0.0000	0.0000	0.0000	0.0000	0.0000	0.0000	0.0000	0.0000	0.0000	0.0000	0.0000	0.0000	0.0000	0.0000	0.0000	0.0000	0.0000	0.0000	0.0000	0.0000	0.0000	0.0000	0.0000	0.0000	0.0000	0.0000	0.0000	0.0000	0.0000	0.0000	0.0000	0.0000	0.0000	0.0000	0.0000	0.0000	0.0000	0.0000	0.0000	0.0000	0.0000	0.0000	0.0000	0.0000	0.0000	1.4176	1.9495	2.4150	2.7108	2.9050	3.2150	3.3446	3.5154	3.6278	3.6975	3.8231	3.9920	4.0757	4.1887	4.2035	4.2958	4.3850	4.4080	4.4037	4.6120	4.8245	
0.0000	0.0000	0.0000	0.0000	0.0000	0.0000	0.0000	0.0000	0.0000	0.0000	0.0000	0.0000	0.0000	0.0000	0.0000	0.0000	0.0000	0.0000	0.0000	0.0000	0.0000	0.0000	0.0000	0.0000	0.0000	0.0000	0.0000	0.0000	0.0000	0.0000	0.0000	0.0000	0.0000	0.0000	0.0000	0.0000	0.0000	0.0000	0.0000	0.0000	0.0000	0.0000	0.0000	0.0000	0.0000	0.0000	0.0000	0.0000	0.0000	0.0000	0.0000	0.0000	0.0000	0.0000	0.0000	0.0000	0.0000	0.0000	0.0000	0.0000	1.4346	1.9942	2.3632	2.6630	3.0030	3.1297	3.3049	3.4826	3.5783	3.7018	3.9276	4.0161	4.1282	4.1726	4.2842	4.3747	4.3884	4.3697	4.5937	4.7994	
0.0000	0.0000	0.0000	0.0000	0.0000	0.0000	0.0000	0.0000	0.0000	0.0000	0.0000	0.0000	0.0000	0.0000	0.0000	0.0000	0.0000	0.0000	0.0000	0.0000	0.0000	0.0000	0.0000	0.0000	0.0000	0.0000	0.0000	0.0000	0.0000	0.0000	0.0000	0.0000	0.0000	0.0000	0.0000	0.0000	0.0000	0.0000	0.0000	0.0000	0.0000	0.0000	0.0000	0.0000	0.0000	0.0000	0.0000	0.0000	0.0000	0.0000	0.0000	0.0000	0.0000	0.0000	0.0000	0.0000	0.0000	0.0000	0.0000	0.0000	0.0000	1.4119	1.9643	2.3356	2.7161	2.9355	3.1551	3.3626	3.4741	3.5907	3.7940	3.9295	4.0479	4.0876	4.1945	4.3044	4.3129	4.3043	4.5414	4.7425	
0.0000	0.0000	0.0000	0.0000	0.0000	0.0000	0.0000	0.0000	0.0000	0.0000	0.0000	0.0000	0.0000	0.0000	0.0000	0.0000	0.0000	0.0000	0.0000	0.0000	0.0000	0.0000	0.0000	0.0000	0.0000	0.0000	0.0000	0.0000	0.0000	0.0000	0.0000	0.0000	0.0000	0.0000	0.0000	0.0000	0.0000	0.0000	0.0000	0.0000	0.0000	0.0000	0.0000	0.0000	0.0000	0.0000	0.0000	0.0000	0.0000	0.0000	0.0000	0.0000	0.0000	0.0000	0.0000	0.0000	0.0000	0.0000	0.0000	0.0000	0.0000	0.0000	1.4164	1.9382	2.3777	2.6702	2.8792	3.1064	3.2454	3.3973	3.6155	3.7402	3.9103	3.9241	4.0591	4.1575	4.1530	4.1555	4.4157	4.6144	
0.0000	0.0000	0.0000	0.0000	0.0000	0.0000	0.0000	0.0000	0.0000	0.0000	0.0000	0.0000	0.0000	0.0000	0.0000	0.0000	0.0000	0.0000	0.0000	0.0000	0.0000	0.0000	0.0000	0.0000	0.0000	0.0000	0.0000	0.0000	0.0000	0.0000	0.0000	0.0000	0.0000	0.0000	0.0000	0.0000	0.0000	0.0000	0.0000	0.0000	0.0000	0.0000	0.0000	0.0000	0.0000	0.0000	0.0000	0.0000	0.0000	0.0000	0.0000	0.0000	0.0000	0.0000	0.0000	0.0000	0.0000	0.0000	0.0000	0.0000	0.0000	0.0000	0.0000	1.3984	1.9781	2.3060	2.6052	2.8699	3.0584	3.2329	3.4493	3.5721	3.7488	3.7857	3.9129	4.0476	4.0539	4.0831	4.3150	4.5299	
0.0000	0.0000	0.0000	0.0000	0.0000	0.0000	0.0000	0.0000	0.0000	0.0000	0.0000	0.0000	0.0000	0.0000	0.0000	0.0000	0.0000	0.0000	0.0000	0.0000	0.0000	0.0000	0.0000	0.0000	0.0000	0.0000	0.0000	0.0000	0.0000	0.0000	0.0000	0.0000	0.0000	0.0000	0.0000	0.0000	0.0000	0.0000	0.0000	0.0000	0.0000	0.0000	0.0000	0.0000	0.0000	0.0000	0.0000	0.0000	0.0000	0.0000	0.0000	0.0000	0.0000	0.0000	0.0000	0.0000	0.0000	0.0000	0.0000	0.0000	0.0000	0.0000	0.0000	0.0000	1.4016	1.8987	2.3186	2.6093	2.7975	3.0020	3.2555	3.4314	3.6315	3.6491	3.7859	3.9776	3.9741	4.0634	4.3221	4.5189	
0.0000	0.0000	0.0000	0.0000	0.0000	0.0000	0.0000	0.0000	0.0000	0.0000	0.0000	0.0000	0.0000	0.0000	0.0000	0.0000	0.0000	0.0000	0.0000	0.0000	0.0000	0.0000	0.0000	0.0000	0.0000	0.0000	0.0000	0.0000	0.0000	0.0000	0.0000	0.0000	0.0000	0.0000	0.0000	0.0000	0.0000	0.0000	0.0000	0.0000	0.0000	0.0000	0.0000	0.0000	0.0000	0.0000	0.0000	0.0000	0.0000	0.0000	0.0000	0.0000	0.0000	0.0000	0.0000	0.0000	0.0000	0.0000	0.0000	0.0000	0.0000	0.0000	0.0000	0.0000	0.0000	1.4194	2.0091	2.3672	2.6143	2.8708	3.1173	3.2992	3.5249	3.5586	3.7353	3.9381	3.9404	4.0220	4.2587	4.4787	
0.0000	0.0000	0.0000	0.0000	0.0000	0.0000	0.0000	0.0000	0.0000	0.0000	0.0000	0.0000	0.0000	0.0000	0.0000	0.0000	0.0000	0.0000	0.0000	0.0000	0.0000	0.0000	0.0000	0.0000	0.0000	0.0000	0.0000	0.0000	0.0000	0.0000	0.0000	0.0000	0.0000	0.0000	0.0000	0.0000	0.0000	0.0000	0.0000	0.0000	0.0000	0.0000	0.0000	0.0000	0.0000	0.0000	0.0000	0.0000	0.0000	0.0000	0.0000	0.0000	0.0000	0.0000	0.0000	0.0000	0.0000	0.0000	0.0000	0.0000	0.0000	0.0000	0.0000	0.0000	0.0000	0.0000	1.4257	1.9448	2.2744	2.6513	2.9569	3.1557	3.3995	3.4633	3.6954	3.9450	3.9527	4.0126	4.2463	4.4595	
0.0000	0.0000	0.0000	0.0000	0.0000	0.0000	0.0000	0.0000	0.0000	0.0000	0.0000	0.0000	0.0000	0.0000	0.0000	0.0000	0.0000	0.0000	0.0000	0.0000	0.0000	0.0000	0.0000	0.0000	0.0000	0.0000	0.0000	0.0000	0.0000	0.0000	0.0000	0.0000	0.0000	0.0000	0.0000	0.0000	0.0000	0.0000	0.0000	0.0000	0.0000	0.0000	0.0000	0.0000	0.0000	0.0000	0.0000	0.0000	0.0000	0.0000	0.0000	0.0000	0.0000	0.0000	0.0000	0.0000	0.0000	0.0000	0.0000	0.0000	0.0000	0.0000	0.0000	0.0000	0.0000	0.0000	0.0000	1.4455	1.9656	2.3871	2.7097	2.9674	3.2039	3.3223	3.5750	3.8536	3.8845	3.9494	4.2098	4.4089	
0.0000	0.0000	0.0000	0.0000	0.0000	0.0000	0.0000	0.0000	0.0000	0.0000	0.0000	0.0000	0.0000	0.0000	0.0000	0.0000	0.0000	0.0000	0.0000	0.0000	0.0000	0.0000	0.0000	0.0000	0.0000	0.0000	0.0000	0.0000	0.0000	0.0000	0.0000	0.0000	0.0000	0.0000	0.0000	0.0000	0.0000	0.0000	0.0000	0.0000	0.0000	0.0000	0.0000	0.0000	0.0000	0.0000	0.0000	0.0000	0.0000	0.0000	0.0000	0.0000	0.0000	0.0000	0.0000	0.0000	0.0000	0.0000	0.0000	0.0000	0.0000	0.0000	0.0000	0.0000	0.0000	0.0000	0.0000	0.0000	1.3916	1.9164	2.3254	2.6569	2.9256	3.1405	3.4005	3.7061	3.7617	3.7946	4.0760	4.2765	
0.0000	0.0000	0.0000	0.0000	0.0000	0.0000	0.0000	0.0000	0.0000	0.0000	0.0000	0.0000	0.0000	0.0000	0.0000	0.0000	0.0000	0.0000	0.0000	0.0000	0.0000	0.0000	0.0000	0.0000	0.0000	0.0000	0.0000	0.0000	0.0000	0.0000	0.0000	0.0000	0.0000	0.0000	0.0000	0.0000	0.0000	0.0000	0.0000	0.0000	0.0000	0.0000	0.0000	0.0000	0.0000	0.0000	0.0000	0.0000	0.0000	0.0000	0.0000	0.0000	0.0000	0.0000	0.0000	0.0000	0.0000	0.0000	0.0000	0.0000	0.0000	0.0000	0.0000	0.0000	0.0000	0.0000	0.0000	0.0000	0.0000	1.4135	1.9234	2.3567	2.6217	2.8978	3.2002	3.4992	3.5706	3.6504	3.9227	4.1291	
0.0000	0.0000	0.0000	0.0000	0.0000	0.0000	0.0000	0.0000	0.0000	0.0000	0.0000	0.0000	0.0000	0.0000	0.0000	0.0000	0.0000	0.0000	0.0000	0.0000	0.0000	0.0000	0.0000	0.0000	0.0000	0.0000	0.0000	0.0000	0.0000	0.0000	0.0000	0.0000	0.0000	0.0000	0.0000	0.0000	0.0000	0.0000	0.0000	0.0000	0.0000	0.0000	0.0000	0.0000	0.0000	0.0000	0.0000	0.0000	0.0000	0.0000	0.0000	0.0000	0.0000	0.0000	0.0000	0.0000	0.0000	0.0000	0.0000	0.0000	0.0000	0.0000	0.0000	0.0000	0.0000	0.0000	0.0000	0.0000	0.0000	0.0000	1.4304	1.9431	2.2773	2.6292	2.9790	3.2698	3.3784	3.4704	3.7941	4.0019	
0.0000	0.0000	0.0000	0.0000	0.0000	0.0000	0.0000	0.0000	0.0000	0.0000	0.0000	0.0000	0.0000	0.0000	0.0000	0.0000	0.0000	0.0000	0.0000	0.0000	0.0000	0.0000	0.0000	0.0000	0.0000	0.0000	0.0000	0.0000	0.0000	0.0000	0.0000	0.0000	0.0000	0.0000	0.0000	0.0000	0.0000	0.0000	0.0000	0.0000	0.0000	0.0000	0.0000	0.0000	0.0000	0.0000	0.0000	0.0000	0.0000	0.0000	0.0000	0.0000	0.0000	0.0000	0.0000	0.0000	0.0000	0.0000	0.0000	0.0000	0.0000	0.0000	0.0000	0.0000	0.0000	0.0000	0.0000	0.0000	0.0000	0.0000	0.0000	1.4153	1.9166	2.2965	2.6632	2.9870	3.1296	3.2695	3.5801	3.8182	
0.0000	0.0000	0.0000	0.0000	0.0000	0.0000	0.0000	0.0000	0.0000	0.0000	0.0000	0.0000	0.0000	0.0000	0.0000	0.0000	0.0000	0.0000	0.0000	0.0000	0.0000	0.0000	0.0000	0.0000	0.0000	0.0000	0.0000	0.0000	0.0000	0.0000	0.0000	0.0000	0.0000	0.0000	0.0000	0.0000	0.0000	0.0000	0.0000	0.0000	0.0000	0.0000	0.0000	0.0000	0.0000	0.0000	0.0000	0.0000	0.0000	0.0000	0.0000	0.0000	0.0000	0.0000	0.0000	0.0000	0.0000	0.0000	0.0000	0.0000	0.0000	0.0000	0.0000	0.0000	0.0000	0.0000	0.0000	0.0000	0.0000	0.0000	0.0000	0.0000	1.4048	1.8624	2.2774	2.6553	2.8876	3.0847	3.4517	3.6789	
0.0000	0.0000	0.0000	0.0000	0.0000	0.0000	0.0000	0.0000	0.0000	0.0000	0.0000	0.0000	0.0000	0.0000	0.0000	0.0000	0.0000	0.0000	0.0000	0.0000	0.0000	0.0000	0.0000	0.0000	0.0000	0.0000	0.0000	0.0000	0.0000	0.0000	0.0000	0.0000	0.0000	0.0000	0.0000	0.0000	0.0000	0.0000	0.0000	0.0000	0.0000	0.0000	0.0000	0.0000	0.0000	0.0000	0.0000	0.0000	0.0000	0.0000	0.0000	0.0000	0.0000	0.0000	0.0000	0.0000	0.0000	0.0000	0.0000	0.0000	0.0000	0.0000	0.0000	0.0000	0.0000	0.0000	0.0000	0.0000	0.0000	0.0000	0.0000	0.0000	0.0000	1.4221	1.9689	2.3622	2.7209	2.9617	3.4135	3.6354	
0.0000	0.0000	0.0000	0.0000	0.0000	0.0000	0.0000	0.0000	0.0000	0.0000	0.0000	0.0000	0.0000	0.0000	0.0000	0.0000	0.0000	0.0000	0.0000	0.0000	0.0000	0.0000	0.0000	0.0000	0.0000	0.0000	0.0000	0.0000	0.0000	0.0000	0.0000	0.0000	0.0000	0.0000	0.0000	0.0000	0.0000	0.0000	0.0000	0.0000	0.0000	0.0000	0.0000	0.0000	0.0000	0.0000	0.0000	0.0000	0.0000	0.0000	0.0000	0.0000	0.0000	0.0000	0.0000	0.0000	0.0000	0.0000	0.0000	0.0000	0.0000	0.0000	0.0000	0.0000	0.0000	0.0000	0.0000	0.0000	0.0000	0.0000	0.0000	0.0000	0.0000	0.0000	1.4317	1.9706	2.3650	2.6462	3.1075	3.3532	
0.0000	0.0000	0.0000	0.0000	0.0000	0.0000	0.0000	0.0000	0.0000	0.0000	0.0000	0.0000	0.0000	0.0000	0.0000	0.0000	0.0000	0.0000	0.0000	0.0000	0.0000	0.0000	0.0000	0.0000	0.0000	0.0000	0.0000	0.0000	0.0000	0.0000	0.0000	0.0000	0.0000	0.0000	0.0000	0.0000	0.0000	0.0000	0.0000	0.0000	0.0000	0.0000	0.0000	0.0000	0.0000	0.0000	0.0000	0.0000	0.0000	0.0000	0.0000	0.0000	0.0000	0.0000	0.0000	0.0000	0.0000	0.0000	0.0000	0.0000	0.0000	0.0000	0.0000	0.0000	0.0000	0.0000	0.0000	0.0000	0.0000	0.0000	0.0000	0.0000	0.0000	0.0000	0.0000	1.3983	1.9028	2.2974	2.8580	3.0741	
0.0000	0.0000	0.0000	0.0000	0.0000	0.0000	0.0000	0.0000	0.0000	0.0000	0.0000	0.0000	0.0000	0.0000	0.0000	0.0000	0.0000	0.0000	0.0000	0.0000	0.0000	0.0000	0.0000	0.0000	0.0000	0.0000	0.0000	0.0000	0.0000	0.0000	0.0000	0.0000	0.0000	0.0000	0.0000	0.0000	0.0000	0.0000	0.0000	0.0000	0.0000	0.0000	0.0000	0.0000	0.0000	0.0000	0.0000	0.0000	0.0000	0.0000	0.0000	0.0000	0.0000	0.0000	0.0000	0.0000	0.0000	0.0000	0.0000	0.0000	0.0000	0.0000	0.0000	0.0000	0.0000	0.0000	0.0000	0.0000	0.0000	0.0000	0.0000	0.0000	0.0000	0.0000	0.0000	0.0000	1.4320	1.9724	2.5502	2.7690	
0.0000	0.0000	0.0000	0.0000	0.0000	0.0000	0.0000	0.0000	0.0000	0.0000	0.0000	0.0000	0.0000	0.0000	0.0000	0.0000	0.0000	0.0000	0.0000	0.0000	0.0000	0.0000	0.0000	0.0000	0.0000	0.0000	0.0000	0.0000	0.0000	0.0000	0.0000	0.0000	0.0000	0.0000	0.0000	0.0000	0.0000	0.0000	0.0000	0.0000	0.0000	0.0000	0.0000	0.0000	0.0000	0.0000	0.0000	0.0000	0.0000	0.0000	0.0000	0.0000	0.0000	0.0000	0.0000	0.0000	0.0000	0.0000	0.0000	0.0000	0.0000	0.0000	0.0000	0.0000	0.0000	0.0000	0.0000	0.0000	0.0000	0.0000	0.0000	0.0000	0.0000	0.0000	0.0000	0.0000	0.0000	1.4015	2.0956	2.3872	
0.0000	0.0000	0.0000	0.0000	0.0000	0.0000	0.0000	0.0000	0.0000	0.0000	0.0000	0.0000	0.0000	0.0000	0.0000	0.0000	0.0000	0.0000	0.0000	0.0000	0.0000	0.0000	0.0000	0.0000	0.0000	0.0000	0.0000	0.0000	0.0000	0.0000	0.0000	0.0000	0.0000	0.0000	0.0000	0.0000	0.0000	0.0000	0.0000	0.0000	0.0000	0.0000	0.0000	0.0000	0.0000	0.0000	0.0000	0.0000	0.0000	0.0000	0.0000	0.0000	0.0000	0.0000	0.0000	0.0000	0.0000	0.0000	0.0000	0.0000	0.0000	0.0000	0.0000	0.0000	0.0000	0.0000	0.0000	0.0000	0.0000	0.0000	0.0000	0.0000	0.0000	0.0000	0.0000	0.0000	0.0000	0.0000	1.4029	1.8736	
0.0000	0.0000	0.0000	0.0000	0.0000	0.0000	0.0000	0.0000	0.0000	0.0000	0.0000	0.0000	0.0000	0.0000	0.0000	0.0000	0.0000	0.0000	0.0000	0.0000	0.0000	0.0000	0.0000	0.0000	0.0000	0.0000	0.0000	0.0000	0.0000	0.0000	0.0000	0.0000	0.0000	0.0000	0.0000	0.0000	0.0000	0.0000	0.0000	0.0000	0.0000	0.0000	0.0000	0.0000	0.0000	0.0000	0.0000	0.0000	0.0000	0.0000	0.0000	0.0000	0.0000	0.0000	0.0000	0.0000	0.0000	0.0000	0.0000	0.0000	0.0000	0.0000	0.0000	0.0000	0.0000	0.0000	0.0000	0.0000	0.0000	0.0000	0.0000	0.0000	0.0000	0.0000	0.0000	0.0000	0.0000	0.0000	0.0000	1.3962	
0.0000	0.0000	0.0000	0.0000	0.0000	0.0000	0.0000	0.0000	0.0000	0.0000	0.0000	0.0000	0.0000	0.0000	0.0000	0.0000	0.0000	0.0000	0.0000	0.0000	0.0000	0.0000	0.0000	0.0000	0.0000	0.0000	0.0000	0.0000	0.0000	0.0000	0.0000	0.0000	0.0000	0.0000	0.0000	0.0000	0.0000	0.0000	0.0000	0.0000	0.0000	0.0000	0.0000	0.0000	0.0000	0.0000	0.0000	0.0000	0.0000	0.0000	0.0000	0.0000	0.0000	0.0000	0.0000	0.0000	0.0000	0.0000	0.0000	0.0000	0.0000	0.0000	0.0000	0.0000	0.0000	0.0000	0.0000	0.0000	0.0000	0.0000	0.0000	0.0000	0.0000	0.0000	0.0000	0.0000	0.0000	0.0000	0.0000	0.0000	
