20	190000	0	0	0	0	0	0	0	0	0	0	0	0	
25	240000	0	0	0	0	0	0	0	0	0	0	0	0	
30	290000	0	0	0	0	0	0	0	0	0	0	0	0	
35	340000	0	0	0	0	0	0	0	0	0	0	0	0	
40	390000	0	0	0	0	0	0	0	0	0	0	0	0	
45	440000	0	0	0	0	0	0	0	0	0	0	0	0	
50	490000	0	0	0	0	0	0	0	0	0	0	0	0	
55	540000	0	0	0	0	0	0	0	0	0	0	0	0	
60	590000	0	0	0	0	0	0	0	0	0	0	0	0	
65	630000	0	0	1	0	0	0	0	0	0	0	0	0	
70	680000	0	0	1	0	0	0	0	0	0	0	0	0	
75	730000	0	0	1	0	0	0	0	0	0	0	0	0	
80	770000	0	0	2	0	0	0	0	0	0	0	0	0	
85	810000	0	0	3	0	0	0	0	0	0	0	0	0	
90	860000	0	0	3	0	0	0	0	0	0	0	0	0	
95	910000	0	0	3	0	0	0	0	0	0	0	0	0	
100	940000	0	0	5	0	0	0	0	0	0	0	0	0	
105	990000	0	0	5	0	0	0	0	0	0	0	0	0	
110	1040000	0	0	5	0	0	0	0	0	0	0	0	0	
115	1090000	0	0	5	0	0	0	0	0	0	0	0	0	
120	1120000	0	0	7	0	0	0	0	0	0	0	0	0	
125	1150000	0	0	9	0	0	0	0	0	0	0	0	0	
130	1190000	0	0	10	0	0	0	0	0	0	0	0	0	
135	1240000	0	0	10	0	0	0	0	0	0	0	0	0	
140	1290000	0	0	10	0	0	0	0	0	0	0	0	0	
145	1340000	0	0	10	0	0	0	0	0	0	0	0	0	
150	1390000	0	0	10	0	0	0	0	0	0	0	0	0	
155	1440000	0	0	10	0	0	0	0	0	0	0	0	0	
160	1490000	0	0	10	0	0	0	0	0	0	0	0	0	
165	1540000	0	0	10	0	0	0	0	0	0	0	0	0	
170	1580000	0	0	11	0	0	0	0	0	0	0	0	0	
175	1630000	0	0	11	0	0	0	0	0	0	0	0	0	
180	1680000	0	0	11	0	0	0	0	0	0	0	0	0	
185	1730000	0	0	11	0	0	0	0	0	0	0	0	0	
190	1780000	0	0	11	0	0	0	0	0	0	0	0	0	
195	1830000	0	0	11	0	0	0	0	0	0	0	0	0	
200	1880000	0	0	11	0	0	0	0	0	0	0	0	0	
205	1930000	0	0	11	0	0	0	0	0	0	0	0	0	
210	1970000	0	0	12	0	0	0	0	0	0	0	0	0	
215	2020000	0	0	12	0	0	0	0	0	0	0	0	0	
220	2070000	0	0	12	0	0	0	0	0	0	0	0	0	
225	2100000	0	0	14	0	0	0	0	0	0	0	0	0	
230	2150000	0	0	14	0	0	0	0	0	0	0	0	0	
235	2200000	0	0	14	0	0	0	0	0	0	0	0	0	
240	2250000	0	0	14	0	0	0	0	0	0	0	0	0	
245	2300000	0	0	14	0	0	0	0	0	0	0	0	0	
250	2350000	0	0	14	0	0	0	0	0	0	0	0	0	
255	2400000	0	0	14	0	0	0	0	0	0	0	0	0	
260	2450000	0	0	14	0	0	0	0	0	0	0	0	0	
265	2480000	0	0	16	0	0	0	0	0	0	0	0	0	
270	2520000	0	0	17	0	0	0	0	0	0	0	0	0	
275	2550000	0	0	19	0	0	0	0	0	0	0	0	0	
280	2580000	0	0	21	0	0	0	0	0	0	0	0	0	
285	2620000	0	0	22	0	0	0	0	0	0	0	0	0	
290	2670000	0	0	22	0	0	0	0	0	0	0	0	0	
295	2720000	0	0	22	0	0	0	0	0	0	0	0	0	
300	2770000	0	0	22	0	0	0	0	0	0	0	0	0	
305	2800000	0	0	24	0	0	0	0	0	0	0	0	0	
310	2850000	0	0	24	0	0	0	0	0	0	0	0	0	
315	2900000	0	0	24	0	0	0	0	0	0	0	0	0	
320	2950000	0	0	24	0	0	0	0	0	0	0	0	0	
325	2990000	0	0	25	0	0	0	0	0	0	0	0	0	
330	3030000	0	0	26	0	0	0	0	0	0	0	0	0	
335	3070000	0	0	27	0	0	0	0	0	0	0	0	0	
340	3110000	0	0	28	0	0	0	0	0	0	0	0	0	
345	3160000	0	0	28	0	0	0	0	0	0	0	0	0	
350	3210000	0	0	28	0	0	0	0	0	0	0	0	0	
355	3260000	0	0	28	0	0	0	0	0	0	0	0	0	
360	3300000	0	0	29	0	0	0	0	0	0	0	0	0	
365	3340000	0	0	30	0	0	0	0	0	0	0	0	0	
370	3380000	0	0	31	0	0	0	0	0	0	0	0	0	
375	3410000	0	0	33	0	0	0	0	0	0	0	0	0	
380	3460000	0	0	33	0	0	0	0	0	0	0	0	0	
385	3510000	0	0	33	0	0	0	0	0	0	0	0	0	
390	3560000	0	0	33	0	0	0	0	0	0	0	0	0	
395	3610000	0	0	33	0	0	0	0	0	0	0	0	0	
400	3660000	0	0	33	0	0	0	0	0	0	0	0	0	
405	3700000	0	0	34	0	0	0	0	0	0	0	0	0	
410	3750000	0	0	34	0	0	0	0	0	0	0	0	0	
415	3800000	0	0	34	0	0	0	0	0	0	0	0	0	
420	3840000	0	0	35	0	0	0	0	0	0	0	0	0	
425	3880000	0	0	36	0	0	0	0	0	0	0	0	0	
430	3920000	0	0	37	0	0	0	0	0	0	0	0	0	
435	3960000	0	0	38	0	0	0	0	0	0	0	0	0	
440	3990000	0	0	40	0	0	0	0	0	0	0	0	0	
445	4020000	0	0	42	0	0	0	0	0	0	0	0	0	
450	4070000	0	0	42	0	0	0	0	0	0	0	0	0	
455	4100000	0	0	44	0	0	0	0	0	0	0	0	0	
460	4150000	0	0	44	0	0	0	0	0	0	0	0	0	
465	4200000	0	0	44	0	0	0	0	0	0	0	0	0	
470	4250000	0	0	44	0	0	0	0	0	0	0	0	0	
475	4290000	0	0	45	0	0	0	0	0	0	0	0	0	
480	4340000	0	0	45	0	0	0	0	0	0	0	0	0	
485	4390000	0	0	45	0	0	0	0	0	0	0	0	0	
490	4440000	0	0	45	0	0	0	0	0	0	0	0	0	
495	4490000	0	0	45	0	0	0	0	0	0	0	0	0	
500	4540000	0	0	45	0	0	0	0	0	0	0	0	0	
505	4560000	0	0	48	0	0	0	0	0	0	0	0	0	
510	4610000	0	0	48	0	0	0	0	0	0	0	0	0	
515	4660000	0	0	48	0	0	0	0	0	0	0	0	0	
520	4700000	0	0	49	0	0	0	0	0	0	0	0	0	
525	4750000	0	0	49	0	0	0	0	0	0	0	0	0	
530	4790000	0	0	50	0	0	0	0	0	0	0	0	0	
535	4840000	0	0	50	0	0	0	0	0	0	0	0	0	
540	4890000	0	0	50	0	0	0	0	0	0	0	0	0	
545	4930000	0	0	51	0	0	0	0	0	0	0	0	0	
550	4980000	0	0	51	0	0	0	0	0	0	0	0	0	
555	5030000	0	0	51	0	0	0	0	0	0	0	0	0	
560	5080000	0	0	51	0	0	0	0	0	0	0	0	0	
565	5120000	0	0	52	0	0	0	0	0	0	0	0	0	
570	5150000	0	0	54	0	0	0	0	0	0	0	0	0	
575	5190000	0	0	55	0	0	0	0	0	0	0	0	0	
580	5240000	0	0	55	0	0	0	0	0	0	0	0	0	
585	5270000	0	0	57	0	0	0	0	0	0	0	0	0	
590	5320000	0	0	57	0	0	0	0	0	0	0	0	0	
595	5370000	0	0	57	0	0	0	0	0	0	0	0	0	
600	5420000	0	0	57	0	0	0	0	0	0	0	0	0	
605	5460000	0	0	58	0	0	0	0	0	0	0	0	0	
610	5510000	0	0	58	0	0	0	0	0	0	0	0	0	
615	5530000	0	0	61	0	0	0	0	0	0	0	0	0	
620	5570000	0	0	62	0	0	0	0	0	0	0	0	0	
625	5600000	0	0	64	0	0	0	0	0	0	0	0	0	
630	5650000	0	0	64	0	0	0	0	0	0	0	0	0	
635	5690000	0	0	65	0	0	0	0	0	0	0	0	0	
640	5720000	0	0	67	0	0	0	0	0	0	0	0	0	
645	5760000	0	0	68	0	0	0	0	0	0	0	0	0	
650	5810000	0	0	68	0	0	0	0	0	0	0	0	0	
655	5850000	0	0	69	0	0	0	0	0	0	0	0	0	
660	5900000	0	0	69	0	0	0	0	0	0	0	0	0	
665	5950000	0	0	69	0	0	0	0	0	0	0	0	0	
670	5990000	0	0	70	0	0	0	0	0	0	0	0	0	
675	6030000	0	0	71	0	0	0	0	0	0	0	0	0	
680	6080000	0	0	71	0	0	0	0	0	0	0	0	0	
685	6120000	0	0	72	0	0	0	0	0	0	0	0	0	
690	6170000	0	0	72	0	0	0	0	0	0	0	0	0	
695	6200000	0	0	74	0	0	0	0	0	0	0	0	0	
700	6240000	0	0	75	0	0	0	0	0	0	0	0	0	
705	6290000	0	0	75	0	0	0	0	0	0	0	0	0	
710	6340000	0	0	75	0	0	0	0	0	0	0	0	0	
715	6370000	0	0	77	0	0	0	0	0	0	0	0	0	
720	6420000	0	0	77	0	0	0	0	0	0	0	0	0	
725	6460000	0	0	78	0	0	0	0	0	0	0	0	0	
730	6510000	0	0	78	0	0	0	0	0	0	0	0	0	
735	6560000	0	0	78	0	0	0	0	0	0	0	0	0	
740	6600000	0	0	79	0	0	0	0	0	0	0	0	0	
745	6650000	0	0	79	0	0	0	0	0	0	0	0	0	
750	6700000	0	0	79	0	0	0	0	0	0	0	0	0	
755	6740000	0	0	80	0	0	0	0	0	0	0	0	0	
760	6790000	0	0	80	0	0	0	0	0	0	0	0	0	
765	6840000	0	0	80	0	0	0	0	0	0	0	0	0	
770	6870000	0	0	82	0	0	0	0	0	0	0	0	0	
775	6910000	0	0	83	0	0	0	0	0	0	0	0	0	
780	6960000	0	0	83	0	0	0	0	0	0	0	0	0	
785	7000000	0	0	84	0	0	0	0	0	0	0	0	0	
790	7050000	0	0	84	0	0	0	0	0	0	0	0	0	
795	7100000	0	0	84	0	0	0	0	0	0	0	0	0	
800	7150000	0	0	84	0	0	0	0	0	0	0	0	0	
805	7200000	0	0	84	0	0	0	0	0	0	0	0	0	
810	7240000	0	0	85	0	0	0	0	0	0	0	0	0	
815	7290000	0	0	85	0	0	0	0	0	0	0	0	0	
820	7330000	0	0	86	0	0	0	0	0	0	0	0	0	
825	7380000	0	0	86	0	0	0	0	0	0	0	0	0	
830	7420000	0	0	87	0	0	0	0	0	0	0	0	0	
835	7470000	0	0	87	0	0	0	0	0	0	0	0	0	
840	7510000	0	0	88	0	0	0	0	0	0	0	0	0	
845	7530000	0	0	91	0	0	0	0	0	0	0	0	0	
850	7580000	0	0	91	0	0	0	0	0	0	0	0	0	
855	7630000	0	0	91	0	0	0	0	0	0	0	0	0	
860	7680000	0	0	91	0	0	0	0	0	0	0	0	0	
865	7720000	0	0	92	0	0	0	0	0	0	0	0	0	
870	7770000	0	0	92	0	0	0	0	0	0	0	0	0	
875	7820000	0	0	92	0	0	0	0	0	0	0	0	0	
880	7860000	0	0	93	0	0	0	0	0	0	0	0	0	
885	7910000	0	0	93	0	0	0	0	0	0	0	0	0	
890	7950000	0	0	94	0	0	0	0	0	0	0	0	0	
895	8000000	0	0	94	0	0	0	0	0	0	0	0	0	
900	8050000	0	0	94	0	0	0	0	0	0	0	0	0	
905	8090000	0	0	95	0	0	0	0	0	0	0	0	0	
910	8130000	0	0	96	0	0	0	0	0	0	0	0	0	
915	8180000	0	0	96	0	0	0	0	0	0	0	0	0	
920	8220000	0	0	97	0	0	0	0	0	0	0	0	0	
925	8270000	0	0	97	0	0	0	0	0	0	0	0	0	
930	8310000	0	0	98	0	0	0	0	0	0	0	0	0	
935	8360000	0	0	98	0	0	0	0	0	0	0	0	0	
940	8380000	0	0	101	0	0	0	0	0	0	0	0	0	
945	8430000	0	0	101	0	0	0	0	0	0	0	0	0	
950	8480000	0	0	101	0	0	0	0	0	0	0	0	0	
955	8530000	0	0	101	0	0	0	0	0	0	0	0	0	
960	8570000	0	0	102	0	0	0	0	0	0	0	0	0	
965	8620000	0	0	102	0	0	0	0	0	0	0	0	0	
970	8640000	0	0	105	0	0	0	0	0	0	0	0	0	
975	8690000	0	0	105	0	0	0	0	0	0	0	0	0	
980	8740000	0	0	105	0	0	0	0	0	0	0	0	0	
985	8780000	0	0	106	0	0	0	0	0	0	0	0	0	
990	8820000	0	0	107	0	0	0	0	0	0	0	0	0	
995	8870000	0	0	107	0	0	0	0	0	0	0	0	0	
1000	8920000	0	0	107	0	0	0	0	0	0	0	0	0	
1005	8970000	0	0	107	0	0	0	0	0	0	0	0	0	
1010	9010000	0	0	108	0	0	0	0	0	0	0	0	0	
1015	9050000	0	0	109	0	0	0	0	0	0	0	0	0	
1020	9090000	0	0	110	0	0	0	0	0	0	0	0	0	
